1
2
6
7
9
11
12
14
15
21
22
24
25
27
28
31
32
35
37
39
40
42
50
51
54
55
56
63
73
74
75
79
80
84
88
94
97
100
101
104
107
108
111
112
113
118
119
121
125
127
130
136
137
138
145
147
148
150
161
165
170
181
183
187
189
192
194
195
196
200
207
218
219
229
231
232
250
252
259
270
277
278
279
282
284
285
288
290
291
292
294
296
299
301
305
306
309
310
319
321
325
328
330
331
336
337
340
343
344
346
347
349
351
352
354
356
360
361
362
363
364
366
367
371
374
375
379
381
383
386
388
390
392
393
396
399
501
502
514
591
608
614
617
629
630
658
679
748
770
806
824
837
869
911
440
469
499
503
504
505
521
544
567
572
607
647
725
738
766
773
809
907
909
923
924
925
926
927
928
929
930
931
932
933
934
935
936
937
938
939
940
941
945
948
949
950
951
952
953
954
957
959
960
961
962
963
964
965
966
967
987
998
406
409
412
421
423
427
431
453
458
478
492
493
495
526
532
539
548
559
619
703
736
741
750
756
760
771
789
790
791
799
819
827
831
846
854
857
883
884
894
896
901
904
905
410
448
460
599
815
946
947
958
970
971
972
973
974
975
976
977
978
979
980
984
985
986
988
989
990
991
992
993
994
995
996
997
415
424
425
437
442
449
454
476
483
489
497
498
500
509
525
536
538
540
557
562
580
582
598
624
634
640
645
646
649
660
663
668
672
682
698
706
716
718
727
762
788
821
825
832
835
839
853
858
860
863
865
873
888
900
915
919
398
402
417
418
426
428
429
438
455
462
470
471
473
475
477
479
480
481
482
486
488
491
494
508
523
527
530
534
541
546
563
571
574
579
590
594
600
604
611
613
616
626
632
635
642
644
650
651
669
677
685
687
688
693
695
700
704
707
710
711
712
713
714
723
731
732
733
742
746
749
755
776
786
792
795
800
805
807
811
818
822
823
826
843
844
850
852
855
859
862
881
886
917
403
404
405
407
408
466
468
472
484
510
511
517
537
547
554
555
565
573
575
581
595
603
609
612
621
625
627
628
661
665
671
694
701
717
730
734
757
779
780
802
803
812
814
817
820
833
864
866
867
871
895
913
914